%YAML:1.0
---
model_type: PINHOLE
camera_name: camera
image_width: 640
image_height: 480
distortion_parameters:
   k1: 0.15860811
   k2: -0.34018021
   p1: -0.00180768
   p2: 0.00032313
projection_parameters:
   fx: 605.687407
   fy: 607.16452123
   cx: 323.35155412
   cy: 236.66167004
