%YAML:1.0
---
model_type: PINHOLE
camera_name: camera
image_width: 640
image_height: 480
distortion_parameters:
   k1: 0
   k2: 0
   p1: 0
   p2: 0
projection_parameters:
   fx: 384.0602111816406
   fy: 384.0602111816406
   cx: 313.123046875
   cy: 243.053955078125
