%YAML:1.0
---
model_type: PINHOLE
camera_name: camera
image_width: 640
image_height: 480
distortion_parameters:
   k1: 0.0
   k2: 0.0
   p1: 0.0
   p2: 0.0
projection_parameters:
   fx: 603.95556640625
   fy: 603.1257934570312
   cx: 324.0858154296875
   cy: 232.72303771972656
